S-table(0~30):
0 1 3 6 10 15 21 28 36 45 55 66 78 91 105 120 136 153 171 190 210 231 253 276 300 325 351 378 406 435 
DP table (0~20):
  1   0   0   0   0   0   0   0   0   0   0   0   0   0   0   0   0   0   0   0 
  1   1   0   0   0   0   0   0   0   0   0   0   0   0   0   0   0   0   0   0 
  1   1   1   1   0   0   0   0   0   0   0   0   0   0   0   0   0   0   0   0 
  1   1   1   2   1   1   1   0   0   0   0   0   0   0   0   0   0   0   0   0 
  1   1   1   2   2   2   2   2   1   1   1   0   0   0   0   0   0   0   0   0 
  1   1   1   2   2   3   3   3   3   3   3   2   2   1   1   1   0   0   0   0 
  1   1   1   2   2   3   4   4   4   5   5   5   5   4   4   4   3   2   2   1 
  1   1   1   2   2   3   4   5   5   6   7   7   8   8   8   8   8   7   7   6 
  1   1   1   2   2   3   4   5   6   7   8   9  10  11  12  13  13  13  14  13 
  1   1   1   2   2   3   4   5   6   8   9  10  12  13  15  17  18  19  21  21 
  1   1   1   2   2   3   4   5   6   8  10  11  13  15  17  20  22  24  27  29 
  1   1   1   2   2   3   4   5   6   8  10  12  14  16  19  22  25  28  32  35 
  1   1   1   2   2   3   4   5   6   8  10  12  15  17  20  24  27  31  36  40 
  1   1   1   2   2   3   4   5   6   8  10  12  15  18  21  25  29  33  39  44 
  1   1   1   2   2   3   4   5   6   8  10  12  15  18  22  26  30  35  41  47 
  1   1   1   2   2   3   4   5   6   8  10  12  15  18  22  27  31  36  43  49 
  1   1   1   2   2   3   4   5   6   8  10  12  15  18  22  27  32  37  44  51 
  1   1   1   2   2   3   4   5   6   8  10  12  15  18  22  27  32  38  45  52 
  1   1   1   2   2   3   4   5   6   8  10  12  15  18  22  27  32  38  46  53 
  1   1   1   2   2   3   4   5   6   8  10  12  15  18  22  27  32  38  46  54 
Sum cache (0~20):
    0     0     0     0     0     0     0     0     0     0     0     0     0     0     0     0     0     0     0     0 
    1     2     2     2     2     2     2     2     2     2     2     2     2     2     2     2     2     2     2     2 
    1     4     5     6     6     6     6     6     6     6     6     6     6     6     6     6     6     6     6     6 
    1     6     8    11    12    13    14    14    14    14    14    14    14    14    14    14    14    14    14    14 
    1     8    11    16    19    22    25    27    28    29    30    30    30    30    30    30    30    30    30    30 
    1    10    14    21    26    32    38    43    47    51    55    57    59    60    61    62    62    62    62    62 
    1    12    17    26    33    42    52    61    69    78    87    94   101   106   111   116   119   121   123   124 
    1    14    20    31    40    52    66    80    93   108   124   138   153   166   179   192   203   212   221   228 
    1    16    23    36    47    62    80    99   118   140   164   187   212   236   261   287   311   333   356   376 
    1    18    26    41    54    72    94   118   143   173   206   239   276   313   353   396   438   479   523   564 
    1    20    29    46    61    82   108   137   168   206   249   293   343   395   452   515   579   644   715   785 
    1    22    32    51    68    92   122   156   193   239   292   348   412   480   556   641   730   823   926  1031 
    1    24    35    56    75   102   136   175   218   272   335   403   482   567   663   772   888  1012  1151  1296 
    1    26    38    61    82   112   150   194   243   305   378   458   552   655   772   906  1051  1208  1386  1575 
    1    28    41    66    89   122   164   213   268   338   421   513   622   743   882  1042  1217  1409  1628  1864 
    1    30    44    71    96   132   178   232   293   371   464   568   692   831   992  1179  1385  1613  1875  2160 
    1    32    47    76   103   142   192   251   318   404   507   623   762   919  1102  1316  1554  1819  2125  2461 
    1    34    50    81   110   152   206   270   343   437   550   678   832  1007  1212  1453  1723  2026  2377  2765 
    1    36    53    86   117   162   220   289   368   470   593   733   902  1095  1322  1590  1892  2233  2630  3071 
    1    38    56    91   124   172   234   308   393   503   636   788   972  1183  1432  1727  2061  2440  2883  3378 
954463755
908927503
863391251
817854999
772318747
726782495
681246243
635709991
590173739
544637487
499101235
453564983
408028731
362492479
316956227
271419975
225883723
180347471
134811219
89274967
43738715
998202470
952666218
907129966
861593714
816057462
770521210
724984958
679448706
633912454
588376202
542839950
497303698
451767446
406231194
360694942
315158690
269622438
224086186
178549934
133013682
87477430
41941178
996404933
950868681
905332429
859796177
814259925
768723673
723187421
677651169
632114917
586578665
541042413
495506161
449969909
404433657
358897405
313361153
267824901
222288649
176752397
131216145
85679893
40143641
994607396
949071144
903534892
857998640
812462388
766926136
721389884
675853632
630317380
584781128
539244876
493708624
448172372
402636120
357099868
311563616
266027364
220491112
174954860
129418608
83882356
38346104
992809859
947273607
901737355
856201103
810664851
765128599
719592347
674056095
628519843
582983591
537447339
491911087
446374835
400838583
355302331
309766079
264229827
218693575
173157323
127621071
82084819
36548567
991012322
945476070
899939818
854403566
808867314
763331062
717794810
672258558
626722306
581186054
535649802
490113550
444577298
399041046
353504794
307968542
262432290
216896038
171359786
125823534
80287282
34751030
989214785
943678533
898142281
852606029
807069777
761533525
715997273
670461021
624924769
579388517
533852265
488316013
442779761
397243509
351707257
306171005
260634753
215098501
169562249
124025997
78489745
32953493
987417248
941880996
896344744
850808492
805272240
759735988
714199736
668663484
623127232
577590980
532054728
486518476
440982224
395445972
349909720
304373468
258837216
213300964
167764712
122228460
76692208
31155956
985619711
940083459
894547207
849010955
803474703
757938451
712402199
666865947
621329695
575793443
530257191
484720939
439184687
393648435
348112183
302575931
257039679
211503427
165967175
120430923
74894671
29358419
983822174
938285922
892749670
847213418
801677166
756140914
710604662
665068410
619532158
573995906
528459654
482923402
437387150
391850898
346314646
300778394
255242142
209705890
164169638
118633386
73097134
27560882
982024637
936488385
890952133
845415881
799879629
754343377
708807125
663270873
617734621
572198369
526662117
481125865
435589613
390053361
344517109
298980857
253444605
207908353
162372101
116835849
71299597
25763345
980227100
934690848
889154596
843618344
798082092
752545840
707009588
661473336
615937084
570400832
524864580
479328328
433792076
388255824
342719572
297183320
251647068
206110816
160574564
115038312
69502060
23965808
978429563
932893311
887357059
841820807
796284555
750748303
705212051
659675799
614139547
568603295
523067043
477530791
431994539
386458287
340922035
295385783
249849531
204313279
158777027
113240775
67704523
22168271
976632026
931095774
885559522
840023270
794487018
748950766
703414514
657878262
612342010
566805758
521269506
475733254
430197002
384660750
339124498
293588246
248051994
202515742
156979490
111443238
65906986
20370734
974834489
929298237
883761985
838225733
792689481
747153229
701616977
656080725
610544473
565008221
519471969
473935717
428399465
382863213
337326961
291790709
246254457
200718205
155181953
109645701
64109449
18573197
973036952
927500700
881964448
836428196
790891944
745355692
699819440
654283188
608746936
563210684
517674432
472138180
426601928
381065676
335529424
289993172
244456920
198920668
153384416
107848164
62311912
16775660
971239415
925703163
880166911
834630659
789094407
743558155
698021903
652485651
606949399
561413147
515876895
470340643
424804391
379268139
333731887
288195635
242659383
197123131
151586879
106050627
60514375
14978123
969441878
923905626
878369374
832833122
787296870
741760618
696224366
650688114
605151862
559615610
514079358
468543106
423006854
377470602
331934350
286398098
240861846
195325594
149789342
104253090
58716838
13180586
967644341
922108089
876571837
831035585
785499333
739963081
694426829
648890577
603354325
557818073
512281821
466745569
421209317
375673065
330136813
284600561
239064309
193528057
147991805
102455553
56919301
11383049
965846804
920310552
874774300
829238048
783701796
738165544
692629292
647093040
601556788
556020536
510484284
464948032
419411780
373875528
328339276
282803024
237266772
191730520
146194268
100658016
55121764
9585512
964049267
918513015
872976763
827440511
781904259
736368007
690831755
645295503
599759251
554222999
508686747
463150495
417614243
372077991
326541739
281005487
235469235
189932983
144396731
98860479
53324227
7787975
962251730
916715478
871179226
825642974
780106722
734570470
689034218
643497966
597961714
552425462
506889210
461352958
415816706
370280454
324744202
279207950
233671698
188135446
142599194
97062942
51526690
5990438
960454193
914917941
869381689
823845437
778309185
732772933
687236681
641700429
596164177
550627925
505091673
459555421
414019169
368482917
322946665
277410413
231874161
186337909
140801657
95265405
49729153
4192901
958656656
913120404
867584152
822047900
776511648
730975396
685439144
639902892
594366640
548830388
503294136
457757884
412221632
366685380
321149128
275612876
230076624
184540372
139004120
93467868
47931616
2395364
956859119
911322867
865786615
820250363
774714111
729177859
683641607
638105355
592569103
547032851
501496599
455960347
410424095
364887843
319351591
273815339
228279087
182742835
137206583
91670331
46134079
597827
955061582
909525330
863989078
818452826
772916574
727380322
681844070
636307818
590771566
545235314
499699062
454162810
408626558
363090306
317554054
272017802
226481550
180945298
135409046
89872794
44336542
998800297
953264045
907727793
862191541
816655289
771119037
725582785
680046533
634510281
588974029
543437777
497901525
452365273
406829021
361292769
315756517
270220265
224684013
179147761
133611509
88075257
42539005
997002760
951466508
905930256
860394004
814857752
769321500
723785248
678248996
632712744
587176492
541640240
496103988
450567736
405031484
359495232
313958980
268422728
222886476
177350224
131813972
86277720
40741468
995205223
949668971
904132719
858596467
813060215
767523963
721987711
676451459
630915207
585378955
539842703
494306451
448770199
403233947
357697695
312161443
266625191
221088939
175552687
130016435
84480183
38943931
993407686
947871434
902335182
856798930
811262678
765726426
720190174
674653922
629117670
583581418
538045166
492508914
446972662
401436410
355900158
310363906
264827654
219291402
173755150
128218898
82682646
37146394
991610149
946073897
900537645
855001393
809465141
763928889
718392637
672856385
627320133
581783881
536247629
490711377
445175125
399638873
354102621
308566369
263030117
217493865
171957613
126421361
80885109
35348857
989812612
944276360
898740108
853203856
807667604
762131352
716595100
671058848
625522596
579986344
534450092
488913840
443377588
397841336
352305084
306768832
261232580
215696328
170160076
124623824
79087572
33551320
988015075
942478823
896942571
851406319
805870067
760333815
714797563
669261311
623725059
578188807
532652555
487116303
441580051
396043799
350507547
304971295
259435043
213898791
168362539
122826287
77290035
31753783
986217538
940681286
895145034
849608782
804072530
758536278
713000026
667463774
621927522
576391270
530855018
485318766
439782514
394246262
348710010
303173758
257637506
212101254
166565002
121028750
75492498
29956246
984420001
938883749
893347497
847811245
802274993
756738741
711202489
665666237
620129985
574593733
529057481
483521229
437984977
392448725
346912473
301376221
255839969
210303717
164767465
119231213
73694961
28158709
982622464
937086212
891549960
846013708
800477456
754941204
709404952
663868700
618332448
572796196
527259944
481723692
436187440
390651188
345114936
299578684
254042432
208506180
162969928
117433676
71897424
26361172
980824927
935288675
889752423
844216171
798679919
753143667
707607415
662071163
616534911
570998659
525462407
479926155
434389903
388853651
343317399
297781147
252244895
206708643
161172391
115636139
70099887
24563635
979027390
933491138
887954886
842418634
796882382
751346130
705809878
660273626
614737374
569201122
523664870
478128618
432592366
387056114
341519862
295983610
250447358
204911106
159374854
113838602
68302350
22766098
977229853
931693601
886157349
840621097
795084845
749548593
704012341
658476089
612939837
567403585
521867333
476331081
430794829
385258577
339722325
294186073
248649821
203113569
157577317
112041065
66504813
20968561
975432316
929896064
884359812
838823560
793287308
747751056
702214804
656678552
611142300
565606048
520069796
474533544
428997292
383461040
337924788
292388536
246852284
201316032
155779780
110243528
64707276
19171024
973634779
928098527
882562275
837026023
791489771
745953519
700417267
654881015
609344763
563808511
518272259
472736007
427199755
381663503
336127251
290590999
245054747
199518495
153982243
108445991
62909739
17373487
971837242
926300990
880764738
835228486
789692234
744155982
698619730
653083478
607547226
562010974
516474722
470938470
425402218
379865966
334329714
288793462
243257210
197720958
152184706
106648454
61112202
15575950
970039705
924503453
878967201
833430949
787894697
742358445
696822193
651285941
605749689
560213437
514677185
469140933
423604681
378068429
332532177
286995925
241459673
195923421
150387169
104850917
59314665
13778413
968242168
922705916
877169664
831633412
786097160
740560908
695024656
649488404
603952152
558415900
512879648
467343396
421807144
376270892
330734640
285198388
239662136
194125884
148589632
103053380
57517128
11980876
966444631
920908379
875372127
829835875
784299623
738763371
693227119
647690867
602154615
556618363
511082111
465545859
420009607
374473355
328937103
283400851
237864599
192328347
146792095
101255843
55719591
10183339
964647094
919110842
873574590
828038338
782502086
736965834
691429582
645893330
600357078
554820826
509284574
463748322
418212070
372675818
327139566
281603314
236067062
190530810
144994558
99458306
53922054
8385802
962849557
917313305
871777053
826240801
780704549
735168297
689632045
644095793
598559541
553023289
507487037
461950785
416414533
370878281
325342029
279805777
234269525
188733273
143197021
97660769
52124517
6588265
961052020
915515768
869979516
824443264
778907012
733370760
687834508
642298256
596762004
551225752
505689500
460153248
414616996
369080744
323544492
278008240
232471988
186935736
141399484
95863232
50326980
4790728
959254483
913718231
868181979
822645727
777109475
731573223
686036971
640500719
594964467
549428215
503891963
458355711
412819459
367283207
321746955
276210703
230674451
185138199
139601947
94065695
48529443
2993191
957456946
911920694
866384442
820848190
775311938
729775686
684239434
638703182
593166930
547630678
502094426
456558174
411021922
365485670
319949418
274413166
228876914
183340662
137804410
92268158
46731906
1195654
955659409
910123157
864586905
819050653
773514401
727978149
682441897
636905645
591369393
545833141
500296889
454760637
409224385
363688133
318151881
272615629
227079377
181543125
136006873
90470621
44934369
999398124
953861872
908325620
862789368
817253116
771716864
726180612
680644360
635108108
589571856
544035604
498499352
452963100
407426848
361890596
316354344
270818092
225281840
179745588
134209336
88673084
43136832
997600587
952064335
906528083
860991831
815455579
769919327
724383075
678846823
633310571
587774319
542238067
496701815
451165563
405629311
360093059
314556807
269020555
223484303
177948051
132411799
86875547
41339295
995803050
950266798
904730546
859194294
813658042
768121790
722585538
677049286
631513034
585976782
540440530
494904278
449368026
403831774
358295522
312759270
267223018
221686766
176150514
130614262
85078010
39541758
994005513
948469261
902933009
857396757
811860505
766324253
720788001
675251749
629715497
584179245
538642993
493106741
447570489
402034237
356497985
310961733
265425481
219889229
174352977
128816725
83280473
37744221
992207976
946671724
901135472
855599220
810062968
764526716
718990464
673454212
627917960
582381708
536845456
491309204
445772952
400236700
354700448
309164196
263627944
218091692
172555440
127019188
