0 36 72 108 144 180 216 252 288 324 360
0 32 64 96 128 160 192 224 256 288 320 352
0 30 60 90 120 150 180 210 240 270 300 330 360
0 27 54 81 108 135 162 189 216 243 270 297 324 351
0 25 50 75 100 125 150 175 200 225 250 275 300 325 350
0 24 48 72 96 120 144 168 192 216 240 264 288 312 336 360
0 22 44 66 88 110 132 154 176 198 220 242 264 286 308 330 352
0 21 42 63 84 105 126 147 168 189 210 231 252 273 294 315 336 357
0 20 40 60 80 100 120 140 160 180 200 220 240 260 280 300 320 340 360
0 18 36 54 72 90 108 126 144 162 180 198 216 234 252 270 288 306 324 342 360
0 18 36 54 72 90 108 126 144 162 180 198 216 234 252 270 288 306 324 342 360
0 17 34 51 68 85 102 119 136 153 170 187 204 221 238 255 272 289 306 323 340 357
0 16 32 48 64 80 96 112 128 144 160 176 192 208 224 240 256 272 288 304 320 336 352
0 15 30 45 60 75 90 105 120 135 150 165 180 195 210 225 240 255 270 285 300 315 330 345 360
0 15 30 45 60 75 90 105 120 135 150 165 180 195 210 225 240 255 270 285 300 315 330 345 360
0 14 28 42 56 70 84 98 112 126 140 154 168 182 196 210 224 238 252 266 280 294 308 322 336 350
0 13 26 39 52 65 78 91 104 117 130 143 156 169 182 195 208 221 234 247 260 273 286 299 312 325 338 351
0 13 26 39 52 65 78 91 104 117 130 143 156 169 182 195 208 221 234 247 260 273 286 299 312 325 338 351
0 12 24 36 48 60 72 84 96 108 120 132 144 156 168 180 192 204 216 228 240 252 264 276 288 300 312 324 336 348 360
0 12 24 36 48 60 72 84 96 108 120 132 144 156 168 180 192 204 216 228 240 252 264 276 288 300 312 324 336 348 360
0 12 24 36 48 60 72 84 96 108 120 132 144 156 168 180 192 204 216 228 240 252 264 276 288 300 312 324 336 348 360
